253425
0
1
0
0
0
0
0
0
0
0
34346
0
0
1
0
0
0
0
1
0
0
786
0
0
1
0
0
0
0
1
0
0
54321
0
0
1
0
0
0
0
0
0
0
142
1
1
1
0
1
0
0
1
1
1
24198
1
1
1
1
1
1
1
1
1
1
231099
1
1
1
1
1
1
1
1
1
1
0
0
0
0
0
0
0
0
0
0
0
0
0
0
0
0
0
0
0
0
0
0
0
0
0
0
0
0
0
0
0
0
0
0
0
0
0
0
0
0
0
0
0
0
0
0
0
0
0
0
0
0
0
0
0
0
0
0
0
0
0
0
0
0
0
0
0
0
0
0
0
0
0
0
0
0
0
0
0
0
0
0
0
0
0
0
0
0
0
0
0
0
0
0
0
0
0
0
0
0
0
0
0
0
0
0
0
0
0
0
0
0
0
0
0
0
0
0
0
0
0
